LR91_phase_file_v1
APD+Tref[ms]= 300
size_of_phase_vector 50
-84.5762 0.00165841 0.983406 0.989574 0.00297046 0.999981 0.0165423
-84.5782 0.00165787 0.983413 0.989579 0.00296995 0.999981 0.0162565
-84.5801 0.00165734 0.98342 0.989584 0.00296946 0.999981 0.0159781
-84.582 0.00165683 0.983427 0.989588 0.00296899 0.999981 0.0157069
10 0.00165632 0.983434 0.989593 0.00296852 0.999981 0.0154429
14.9697 0.999014 5.87224e-20 0.164689 0.522304 0.975065 0.0373662
1.1118 0.995471 1.55496e-36 0.0282694 0.723459 0.939513 0.0495976
-5.70422 0.990256 4.78305e-50 0.00511942 0.794384 0.898512 0.0586478
-10.3288 0.983529 3.18206e-61 0.000985 0.812542 0.855694 0.0661673
-14.141 0.974543 1.55685e-70 0.0002029 0.803008 0.813226 0.0726486
-17.6555 0.961922 3.021e-78 4.52842e-05 0.775367 0.773104 0.0782931
-21.1196 0.943395 1.54123e-84 1.1136e-05 0.733473 0.737801 0.083197
-24.7075 0.914942 1.48739e-89 3.0844e-06 0.678697 0.710651 0.0874066
-28.6295 0.86855 2.04134e-93 9.8971e-07 0.611082 0.695871 0.0909336
-33.1802 0.787554 3.08838e-96 3.81359e-07 0.529727 0.697632 0.0937541
-38.6637 0.644092 3.87311e-98 1.83302e-07 0.433933 0.716928 0.0958148
-45.4021 0.420012 0.00185632 0.000888073 0.326065 0.748626 0.0970543
-54.0342 0.174368 0.00933825 0.00525836 0.214121 0.784921 0.0974108
-65.4052 0.0365395 0.0477728 0.0223455 0.113104 0.820623 0.0968227
-77.1237 0.00578195 0.258791 0.0936183 0.0440131 0.853628 0.0953195
-82.5679 0.00233005 0.680454 0.283305 0.0144451 0.882392 0.0932474
-83.8129 0.00188523 0.901908 0.481912 0.00590117 0.906004 0.0910328
-84.0555 0.00180886 0.963057 0.632051 0.00376428 0.924959 0.0888353
-84.1114 0.00179177 0.977439 0.738769 0.00324796 0.940104 0.0866868
-84.1321 0.00178555 0.980732 0.813748 0.0031229 0.952195 0.0845918
-84.1457 0.00178152 0.981507 0.866293 0.003091 0.961846 0.0825502
-84.1577 0.00177797 0.981717 0.903088 0.00308117 0.969548 0.0805609
-84.1692 0.00177455 0.981799 0.928844 0.00307656 0.975695 0.0786224
-84.1806 0.0017712 0.981854 0.946868 0.00307321 0.9806 0.0767336
-84.1918 0.00176789 0.981901 0.959479 0.00307018 0.984516 0.0748932
-84.2029 0.00176465 0.981946 0.968301 0.00306726 0.98764 0.0731
-84.2138 0.00176146 0.98199 0.974473 0.00306441 0.990133 0.0713527
-84.2245 0.00175833 0.982034 0.978791 0.0030616 0.992123 0.0696503
-84.2349 0.00175528 0.982076 0.981814 0.00305886 0.993711 0.0679916
-84.2452 0.00175229 0.982117 0.983931 0.00305617 0.994978 0.0663754
-84.2552 0.00174936 0.982158 0.985416 0.00305354 0.995989 0.0648008
-84.2651 0.00174651 0.982197 0.986458 0.00305097 0.996796 0.0632666
-84.2747 0.00174373 0.982236 0.987192 0.00304845 0.997439 0.0617719
-84.284 0.00174101 0.982273 0.987711 0.003046 0.997953 0.0603156
-84.2932 0.00173836 0.98231 0.988079 0.0030436 0.998363 0.0588967
-84.3022 0.00173577 0.982346 0.988342 0.00304126 0.99869 0.0575144
-84.3109 0.00173325 0.98238 0.988531 0.00303898 0.998951 0.0561676
-84.3194 0.00173079 0.982414 0.98867 0.00303675 0.999159 0.0548555
-84.3278 0.00172839 0.982447 0.988772 0.00303457 0.999325 0.0535773
-84.3359 0.00172606 0.98248 0.988849 0.00303245 0.999458 0.0523319
-84.3438 0.00172378 0.982511 0.988908 0.00303038 0.999563 0.0511187
-84.3516 0.00172156 0.982542 0.988955 0.00302837 0.999648 0.0499368
-84.3592 0.00171939 0.982571 0.988994 0.0030264 0.999715 0.0487853
-84.3665 0.00171728 0.9826 0.989025 0.00302448 0.999769 0.0476635
-84.3737 0.00171523 0.982629 0.989053 0.00302261 0.999812 0.0465708
