153
0 -0.0150058
0 -0.0150766
0 -0.015147
0 -0.0152171
0 -0.0152868
0 -0.0153561
0 -0.0154251
0 -0.0154938
0 -0.0155621
0 -0.01563
0 -0.0156976
0 -0.0157649
0 -0.0158318
0.998727 -0.0126142
0.99821 -0.00923188
0.99773 -0.00577344
0.997241 -0.00223752
0.996741 0.00137765
0.996229 0.00507391
0.995705 0.00885313
0.995168 0.0127172
0.994619 0.0166682
0.994057 0.0207081
0.993481 0.0248389
0.992892 0.0290628
0.992288 0.0333819
0.99167 0.0377986
0.991037 0.042315
0.990389 0.0469336
0.989726 0.0516567
0.989046 0.0564868
0.98835 0.0614264
0.987637 0.0664782
0.986906 0.0716447
0.986158 0.0769288
0.985391 0.0823332
0.984606 0.0878608
0.983801 0.0935145
0.982976 0.0992975
0.982131 0.105213
0.981264 0.111263
0.980376 0.117453
0.979466 0.123784
0.978533 0.130262
0.977577 0.136888
0.976596 0.143667
0.97559 0.150603
0.974559 0.157699
0.973501 0.164959
0.972416 0.172388
0.971304 0.179989
0.970162 0.187767
0.96899 0.195727
0.967788 0.203872
0.966554 0.212208
0.965288 0.220739
0.963988 0.229471
0.962653 0.238407
0.961283 0.247555
0.959875 0.256918
0.958429 0.266503
0.956944 0.276316
0.955418 0.286361
0.95385 0.296646
0.952239 0.307177
0.950582 0.317959
0.948879 0.329001
0.947127 0.340308
0.945326 0.351888
0.943472 0.363747
0.941565 0.375895
0.939602 0.388338
0.937581 0.401085
0.935501 0.414144
0.933358 0.427523
0.93115 0.441232
0.928874 0.45528
0.926529 0.469676
0.92411 0.48443
0.921616 0.499554
0.919042 0.515057
0.916385 0.53095
0.913642 0.547245
0.910808 0.563954
0.90788 0.58109
0.904853 0.598664
0.901722 0.616692
0.898482 0.635186
0.895128 0.654161
0.891654 0.673632
0.888053 0.693616
0.884319 0.714129
0.880444 0.735187
0.876421 0.756809
0.872239 0.779015
0.867891 0.801823
0.863365 0.825254
0.85865 0.849331
0.853734 0.874076
0.848601 0.899514
0.843238 0.925669
0.837626 0.952568
0.831746 0.980241
0.825577 1.00872
0.819093 1.03803
0.812267 1.0682
0.805066 1.09928
0.797453 1.13131
0.789386 1.16431
0.780812 1.19834
0.771672 1.23344
0.761893 1.26967
0.751388 1.30706
0.740048 1.34568
0.727738 1.38559
0.714286 1.42684
0.699466 1.46949
0.68298 1.51361
0.664415 1.55924
0.643189 1.6064
0.618444 1.65505
0.588862 1.70503
0.55233 1.75587
0.50533 1.80633
0.442031 1.85317
0.354246 1.88727
0.23937 1.88413
0.124095 1.79841
0.0507789 1.61644
0.0190294 1.40137
0.00725325 1.20943
0.00290774 1.0538
0.00122906 0.929765
0.000544476 0.830026
0.000251009 0.748566
0.000119666 0.680956
5.86914e-05 0.624007
2.94907e-05 0.575408
1.513e-05 0.53346
7.90393e-06 0.496889
4.19495e-06 0.464726
2.25779e-06 0.436219
1.23038e-06 0.41078
6.78e-07 0.387937
3.77376e-07 0.367313
2.11964e-07 0.3486
1.20043e-07 0.331543
6.85013e-08 0.315932
3.93619e-08 0.30159
2.27635e-08 0.288369
1.3243e-08 0.276141
7.74702e-09 0.2648
4.55547e-09 0.254252
